crossing time (s)	slope (V/s)	crossing number
5899.594526	-143.622987	5119
5900.622199	-148.595254	5120
5901.657284	-142.571197	5121
5902.704236	-148.737223	5122
5903.734667	-142.829154	5123
5904.765619	-142.426219	5124
5905.807759	-149.055844	5125
5906.841817	-148.200619	5126
5907.888007	-148.124024	5127
5908.899109	-142.112420	5128
5909.936074	-142.868564	5129
5910.957988	-141.265740	5130
5912.020549	-143.157562	5131
5913.036180	-139.745108	5132
5914.110003	-145.589024	5133
5915.118154	-148.708470	5134
5916.167363	-143.452992	5135
5917.183074	-147.346342	5136
5918.228768	-148.050530	5137
5919.259379	-144.648989	5138
5920.294584	-141.956126	5139
5921.314131	-141.382700	5140
5922.378866	-147.981806	5141
5923.384711	-141.220373	5142
5924.443277	-141.219077	5143
5925.448829	-141.325659	5144
5926.511841	-142.006195	5145
5927.553876	-144.154776	5146
5928.567134	-141.925330	5147
5929.599435	-145.455963	5148
5930.631941	-146.009952	5149
5931.669834	-140.143897	5150
5932.720004	-147.769956	5151
5933.729344	-142.747359	5152
5934.786442	-147.471490	5153
5935.828035	-139.785327	5154
5936.855966	-149.929079	5155
5937.889671	-146.283367	5156
5938.930030	-141.528644	5157
5939.957710	-139.446883	5158
5940.987119	-147.636770	5159
5942.040048	-144.883383	5160
5943.071109	-146.523966	5161
5944.118446	-143.767409	5162
5945.138474	-141.218796	5163
5946.174628	-144.724884	5164
5947.210016	-140.891413	5165
5948.209399	-141.473406	5166
5949.270675	-140.845543	5167
5950.300755	-144.702980	5168
5951.346125	-143.499482	5169
5952.373595	-140.061585	5170
5953.415042	-140.596067	5171
5954.467747	-143.067441	5172
5955.483184	-145.836061	5173
5956.537811	-144.502097	5174
5957.562178	-146.002328	5175
5958.602931	-143.777359	5176
5959.642024	-140.602235	5177
5960.665101	-138.337713	5178
5961.723421	-142.747054	5179
5962.714763	-142.659302	5180
5963.782143	-140.088861	5181
5964.806372	-142.087674	5182
5965.836847	-144.581995	5183
5966.856738	-142.798795	5184
5967.904464	-140.164586	5185
5968.949542	-141.546420	5186
5969.999980	-145.075302	5187
5971.015191	-137.970864	5188
5972.060908	-144.629143	5189
5973.074103	-143.083142	5190
5974.125171	-139.003646	5191
5975.143972	-138.264382	5192
5976.207982	-143.311827	5193
5977.234544	-143.126993	5194
5978.262437	-143.868410	5195
5979.300569	-142.386373	5196
5980.326541	-146.124393	5197
5981.353900	-137.586925	5198
5982.395339	-143.619205	5199
5983.450269	-138.611176	5200
5984.471996	-138.204014	5201
5985.474003	-142.521922	5202
5986.553781	-138.666438	5203
5987.549998	-135.580109	5204
5988.632510	-140.924511	5205
5989.631499	-137.938500	5206
5990.677501	-144.097091	5207
5991.712161	-140.759632	5208
5992.743223	-144.310047	5209
5993.791195	-140.808164	5210
5994.826675	-143.397101	5211
5995.859524	-141.466156	5212
5996.895778	-138.061679	5213
5997.936627	-140.299477	5214
5998.964496	-137.674639	5215
6000.006707	-141.636249	5216
6001.038954	-139.359646	5217
6002.066404	-136.472129	5218
6003.110589	-137.388737	5219
6004.128140	-134.879841	5220
6005.179716	-141.894566	5221
6006.197011	-135.531898	5222
6007.255928	-140.523612	5223
6008.259752	-135.020580	5224
6009.322379	-141.885964	5225
6010.337636	-138.251602	5226
6011.384616	-142.634149	5227
6012.407350	-134.256926	5228
6013.458547	-136.464325	5229
6014.474753	-134.100888	5230
6015.534265	-141.390473	5231
6016.537840	-133.676302	5232
6017.595706	-143.485260	5233
6018.629695	-134.664649	5234
6019.663386	-139.039574	5235
6020.684994	-131.219886	5236
6021.749020	-141.276814	5237
6022.767293	-139.349192	5238
6023.792332	-138.989277	5239
6024.831560	-139.243465	5240
6025.892437	-140.001790	5241
6026.906044	-137.261132	5242
6027.943214	-136.061961	5243
6028.956181	-134.939284	5244
6030.031461	-139.672796	5245
6031.042638	-134.150902	5246
6032.076251	-135.266625	5247
6033.110844	-132.673187	5248
6034.148666	-134.765493	5249
6035.184856	-132.429819	5250
6036.213983	-138.468244	5251
6037.256338	-136.800737	5252
6038.302986	-140.311770	5253
6039.340920	-135.258651	5254
6040.365102	-135.009691	5255
6041.400154	-135.177585	5256
6042.429709	-134.545506	5257
6043.462052	-131.836332	5258
6044.504178	-134.797621	5259
6045.462228	-133.735589	5260
6046.586586	-135.007091	5261
6047.590520	-135.731628	5262
6048.656148	-137.121980	5263
6049.670264	-135.738558	5264
6050.713887	-138.320581	5265
6051.748154	-136.418334	5266
6052.775806	-138.334735	5267
6053.815837	-130.776664	5268
6054.878805	-137.457122	5269
6055.877275	-130.211156	5270
6056.931962	-138.352817	5271
6057.942112	-129.523723	5272
6058.988488	-138.246289	5273
6060.030470	-133.703162	5274
6061.066442	-138.861496	5275
6062.092090	-131.016290	5276
6063.156560	-138.572451	5277
6064.169366	-132.651194	5278
6065.204978	-135.947803	5279
6066.238767	-133.460138	5280
6067.266676	-133.762916	5281
6068.301215	-133.531077	5282
6069.356998	-137.266670	5283
6070.383309	-131.854862	5284
6071.421916	-131.823797	5285
6072.443824	-130.394526	5286
6073.479191	-137.020928	5287
6074.509859	-131.780753	5288
6075.568950	-135.236448	5289
6076.587879	-130.461218	5290
6077.622116	-131.967030	5291
6078.667670	-133.829620	5292
6079.704564	-136.035153	5293
6080.727926	-129.397283	5294
6081.759580	-133.811795	5295
6082.801194	-129.467538	5296
6083.840358	-135.221442	5297
6084.868822	-132.258191	5298
6085.918349	-135.166975	5299
6086.923902	-128.736242	5300
6087.976166	-132.752315	5301
6089.020973	-130.125615	5302
6090.044337	-134.699542	5303
6091.080612	-130.845517	5304
6092.128723	-131.198072	5305
6093.142151	-131.233565	5306
6094.190227	-131.332210	5307
6095.207426	-129.830112	5308
6096.263264	-129.771172	5309
6097.293100	-132.371124	5310
6098.333982	-130.655710	5311
6099.362082	-131.556975	5312
6100.394776	-133.749907	5313
6101.422108	-129.701171	5314
6102.477517	-129.067988	5315
6103.494913	-131.258402	5316
6104.534734	-132.584884	5317
6105.573071	-126.256871	5318
6106.597876	-129.613917	5319
6107.654757	-126.961196	5320
6108.670575	-129.665407	5321
6109.705755	-128.705375	5322
6110.745403	-129.302658	5323
6111.772227	-123.608186	5324
6112.825843	-132.548150	5325
6113.843404	-124.832179	5326
6114.872569	-131.969738	5327
6115.904671	-123.965794	5328
6116.974311	-129.733129	5329
6117.987454	-126.645132	5330
6119.035474	-132.539543	5331
6120.064408	-125.464150	5332
6121.097692	-133.043085	5333
6122.129972	-125.389502	5334
6123.169426	-128.385011	5335
6124.203352	-122.914223	5336
6125.243133	-127.427959	5337
6126.268706	-125.445836	5338
6127.311114	-128.301565	5339
6128.344171	-123.920864	5340
6129.373962	-128.127196	5341
6130.403124	-124.612196	5342
6131.443276	-130.727473	5343
6132.473886	-121.343434	5344
6133.518872	-130.772636	5345
6134.537704	-121.196438	5346
6135.590235	-130.370832	5347
6136.616199	-124.277152	5348
6137.657314	-131.545684	5349
6138.676551	-122.268851	5350
6139.713209	-131.196986	5351
6140.758835	-121.172679	5352
6141.794450	-129.363182	5353
6142.837874	-121.336772	5354
6143.868672	-125.973658	5355
6144.887333	-122.469482	5356
6145.942436	-129.574136	5357
6146.969261	-121.486008	5358
6147.996849	-126.270008	5359
6149.031919	-122.876352	5360
6150.071082	-126.450755	5361
6151.105159	-122.305690	5362
6152.160045	-126.232899	5363
6153.166782	-122.341712	5364
6154.207922	-124.562104	5365
6155.251098	-123.594516	5366
6156.291363	-126.877994	5367
6157.317706	-123.077817	5368
6158.363873	-127.354125	5369
6159.378573	-121.730925	5370
6160.430211	-128.781139	5371
6161.439665	-120.167644	5372
6162.485122	-126.495195	5373
6163.515846	-120.319695	5374
6164.567369	-123.532370	5375
6165.597416	-121.952402	5376
6166.636594	-126.157607	5377
6167.691568	-121.869655	5378
6168.712045	-125.632348	5379
6169.736012	-120.389357	5380
6170.781133	-123.151339	5381
6171.809365	-120.984169	5382
6172.852979	-122.885767	5383
6173.881780	-118.444336	5384
6174.904668	-125.536618	5385
6175.951581	-119.179095	5386
6176.987241	-124.259116	5387
6178.014700	-118.857276	5388
6179.059101	-125.248082	5389
6180.090322	-119.368984	5390
6181.120605	-124.797491	5391
6182.153073	-116.422033	5392
6183.183373	-122.504487	5393
6184.236927	-116.186904	5394
6185.252256	-124.548007	5395
6186.305288	-115.094845	5396
6187.335102	-120.424878	5397
6188.372996	-114.157915	5398
6189.402868	-122.555384	5399
6190.439067	-114.028070	5400
6191.460896	-125.231311	5401
6192.506023	-114.887068	5402
6193.547438	-121.147052	5403
6194.573408	-112.685108	5404
6195.623358	-122.105545	5405
6196.633013	-114.394051	5406
6197.691083	-124.255718	5407
6198.719290	-113.013655	5408
6199.758974	-121.924074	5409
6200.779335	-112.334723	5410
6201.828135	-123.105775	5411
6202.844681	-110.706067	5412
6203.901745	-119.419707	5413
6204.927025	-112.220282	5414
6205.967130	-120.966245	5415
6206.997110	-111.844076	5416
6208.041802	-122.445752	5417
6209.075840	-112.188254	5418
6210.106507	-121.622831	5419
6211.148725	-111.748053	5420
6212.168884	-120.400381	5421
6213.198037	-111.511047	5422
6214.238308	-117.834877	5423
6215.279328	-112.082736	5424
6216.313056	-118.823422	5425
6217.349208	-113.010949	5426
6218.384184	-118.879080	5427
6219.415952	-113.634063	5428
6220.452086	-118.004879	5429
6221.489336	-113.453765	5430
6222.521585	-116.861975	5431
6223.548354	-113.252259	5432
6224.588180	-115.947199	5433
6225.627176	-113.850532	5434
6226.677140	-118.128499	5435
6227.687185	-112.726662	5436
6228.735562	-115.175716	5437
6229.756878	-112.675099	5438
6230.805324	-117.182579	5439
6231.839204	-111.716617	5440
6232.871011	-114.323747	5441
6233.907225	-112.689570	5442
6234.944287	-115.511548	5443
6235.974813	-110.435455	5444
6237.011023	-115.134814	5445
6238.040822	-110.105118	5446
6239.080952	-114.531732	5447
6240.111548	-110.745257	5448
6241.158829	-114.357797	5449
6242.231567	-113.870165	5450
6243.220251	-115.659789	5451
6244.254651	-109.360680	5452
6245.300013	-114.527008	5453
6246.327935	-108.609569	5454
6247.366652	-113.776891	5455
6248.403068	-109.111058	5456
6249.433400	-114.943961	5457
6250.460061	-107.004551	5458
6251.506948	-112.935683	5459
6252.530616	-108.127727	5460
6253.575800	-114.472697	5461
6254.602703	-105.851395	5462
6255.642353	-114.723969	5463
6256.678695	-103.314155	5464
6257.703105	-113.551076	5465
6258.743509	-103.820539	5466
6259.778961	-113.961983	5467
6260.815477	-101.875598	5468
6261.849897	-114.075056	5469
6262.876501	-102.510770	5470
6263.924652	-112.670949	5471
6264.924344	-102.162460	5472
6265.988093	-113.639972	5473
6267.025272	-101.476431	5474
6268.060153	-113.809006	5475
6269.086294	-101.392324	5476
