time (s)	theta (A)	maj axis/z0	min axis/z0	crossing#mod 255
7031.412496	333.348358	1.476226	0.095023	65
7033.482444	333.504700	1.474342	0.093918	67
7035.552626	333.647217	1.474151	0.092324	69
7037.622482	333.761475	1.471773	0.091358	71
7039.693131	333.830322	1.469373	0.089826	73
7041.764010	333.698853	1.466825	0.088086	75
7043.835658	333.358917	1.464928	0.086637	77
7045.907556	333.015533	1.462458	0.085890	79
7047.978722	332.719208	1.462868	0.084691	81
7050.048927	332.590240	1.458902	0.083848	83
7052.117799	332.728973	1.457482	0.083242	85
7054.186243	333.138275	1.457079	0.082540	87
7056.254304	333.743591	1.458835	0.081263	89
7058.323422	334.134094	1.455093	0.079843	91
7060.392633	334.403290	1.451248	0.078217	93
7062.462767	334.429810	1.445987	0.076919	95
7064.533143	334.371246	1.446296	0.075814	97
7066.603606	334.282471	1.443350	0.075028	99
7068.673920	334.216614	1.442850	0.073938	101
7070.744158	334.199615	1.439602	0.072761	103
7072.814005	334.189178	1.437336	0.071638	105
7074.883644	334.244293	1.436184	0.071113	107
7076.953218	334.297668	1.433201	0.070066	109
7079.022788	334.318970	1.431394	0.069348	111
7081.092535	334.297943	1.428921	0.068383	113
7083.162951	334.245056	1.427698	0.067735	115
7085.233870	334.112640	1.424102	0.067202	117
7087.305239	334.127930	1.421212	0.066084	119
7089.376716	334.154266	1.419324	0.065148	121
7091.448321	334.341492	1.420051	0.063921	123
7093.518656	334.446869	1.420505	0.062401	125
7095.588275	334.422028	1.421471	0.060690	127
7097.656906	334.452942	1.420345	0.059141	129
7099.725373	334.474884	1.419555	0.058656	131
7101.794016	334.538513	1.416316	0.058140	133
7103.863072	334.651855	1.412362	0.057406	135
7105.932373	334.661926	1.408649	0.056382	137
7108.001797	334.855103	1.406444	0.055683	139
7110.071698	334.944214	1.403979	0.054832	141
7112.141699	334.978058	1.399597	0.054482	143
7114.211751	335.076050	1.396985	0.053172	145
7116.282331	335.024109	1.395417	0.052282	147
7118.353187	334.973083	1.393273	0.051596	149
7120.424530	334.765686	1.392573	0.050382	151
7122.495617	334.604889	1.389415	0.049514	153
7124.566526	334.397766	1.388045	0.049057	155
7126.636732	334.352783	1.386917	0.048089	157
7128.705948	334.282013	1.385744	0.047292	159
7130.774498	334.441559	1.387492	0.046722	161
7132.843077	334.652893	1.388062	0.046022	163
7134.911740	334.944031	1.388831	0.045112	165
7136.980227	335.198212	1.387156	0.044223	167
7139.049572	335.370819	1.385725	0.043280	169
7141.119045	335.390442	1.382162	0.042630	171
7143.188642	335.455658	1.378230	0.041608	173
7145.258591	335.437927	1.375173	0.040719	175
7147.328379	335.444855	1.373082	0.040254	177
7149.398138	335.425110	1.371890	0.039359	179
7151.467820	335.388062	1.370251	0.038620	181
7153.537824	335.355621	1.370939	0.038114	183
7155.607714	335.239075	1.369214	0.037410	185
7157.677849	335.194580	1.366894	0.036849	187
7159.748325	335.147003	1.364228	0.036182	189
7161.819055	335.101349	1.361924	0.035607	191
7163.890228	335.101471	1.360252	0.034928	193
7165.961371	335.226715	1.357009	0.034594	195
7168.032239	335.343170	1.356713	0.033663	197
7170.102565	335.502258	1.356182	0.032578	199
7172.172255	335.567230	1.357855	0.031361	201
7174.241571	335.493958	1.358343	0.030287	203
7176.310228	335.467072	1.356269	0.029696	205
7178.378863	335.445465	1.352571	0.028910	207
7180.447670	335.431793	1.349860	0.028555	209
7182.516676	335.435944	1.345878	0.027739	211
7184.586113	335.487762	1.343038	0.027324	213
7186.655655	335.547882	1.341547	0.026742	215
7188.725507	335.549622	1.339689	0.025909	217
7190.795772	335.579926	1.338312	0.025537	219
7192.866331	335.523651	1.335400	0.024737	221
7194.936874	335.524658	1.334085	0.024225	223
7197.007560	335.428345	1.332415	0.023305	225
7199.078278	335.266052	1.331834	0.023051	227
7201.148784	335.323425	1.330221	0.022552	229
7203.218435	335.193359	1.328954	0.021875	231
7205.287602	335.157440	1.327047	0.021215	233
7207.356502	335.145233	1.327112	0.020989	235
7209.424988	335.237549	1.326597	0.020051	237
7211.493455	335.351868	1.325489	0.019518	239
7213.562192	335.507355	1.323783	0.018887	241
7215.631126	335.611237	1.322799	0.018088	243
7217.700256	335.660614	1.319762	0.017216	245
7219.769563	335.687592	1.318420	0.016681	247
7221.839170	335.676544	1.315627	0.015921	249
7223.908627	335.686218	1.313471	0.015546	251
7225.978513	335.662476	1.311881	0.014706	253
7228.048263	335.636139	1.309482	0.014484	255
7230.118274	335.558960	1.306349	0.014083	1
7232.188326	335.526428	1.303810	0.013417	3
7234.258598	335.489075	1.303018	0.012655	5
7236.328806	335.406403	1.298969	0.012724	7
7238.399553	335.473328	1.297185	0.012102	9
7240.470178	335.548706	1.294787	0.011508	11
7242.541035	335.821106	1.292990	0.010821	13
7244.611362	335.869446	1.292843	0.010359	15
7246.681449	335.922455	1.292471	0.009599	17
7248.751131	335.985382	1.291025	0.008554	19
7250.820091	335.944214	1.291863	0.007758	21
7252.889132	335.876587	1.294342	0.007462	23
7254.957800	335.789917	1.294163	0.006841	25
7257.026856	335.783600	1.289897	0.006462	27
7259.096025	335.725464	1.286497	0.006098	29
7261.165307	335.787170	1.286047	0.005689	31
7263.234687	335.745117	1.284150	0.005040	33
7265.304703	335.750305	1.281984	0.004787	35
7267.374542	335.746490	1.281034	0.004109	37
7269.444986	335.750488	1.278947	0.003786	39
7271.515421	335.685211	1.277354	0.003168	41
7273.585645	335.686127	1.274076	0.002798	43
7275.655979	335.628662	1.272619	0.002221	45
7277.725940	335.584595	1.270404	0.001744	47
7279.795513	335.508728	1.269227	0.001236	49
7281.864608	335.453156	1.268482	0.000883	51
7283.933472	335.432526	1.266773	0.000261	53
7286.002319	335.402008	1.264920	0.000118	55
7288.070947	335.437805	1.263714	-0.000386	57
7290.139631	335.494812	1.260286	-0.000893	59
7292.208653	335.495148	1.259252	-0.001242	61
7294.277662	335.605927	1.256706	-0.001756	63
7296.346945	335.593140	1.256937	-0.002444	65
7298.416186	335.607605	1.254519	-0.002373	67
7300.486010	335.539032	1.253699	-0.002806	69
7302.555524	335.514252	1.251559	-0.003309	71
7304.625174	335.524292	1.250083	-0.003595	73
7306.695118	335.478790	1.245954	-0.004127	75
7308.765276	335.461395	1.245498	-0.004387	77
7310.835348	335.463257	1.244314	-0.004661	79
7312.905856	335.480408	1.242511	-0.005256	81
7314.976545	335.545807	1.239303	-0.005664	83
7317.046890	335.665192	1.237592	-0.006034	85
7319.117304	335.783203	1.237019	-0.006302	87
7321.187393	335.889069	1.236624	-0.007114	89
7323.257095	335.972137	1.235830	-0.007603	91
7325.326458	335.940033	1.236768	-0.008053	93
7327.395395	335.903015	1.236442	-0.008527	95
7329.464468	335.804993	1.235530	-0.009060	97
7331.533336	335.747345	1.234481	-0.009387	99
7333.602219	335.717651	1.232257	-0.009590	101
7335.671596	335.702850	1.231311	-0.009840	103
7337.741039	335.672302	1.230093	-0.010268	105
7339.810601	335.625183	1.229553	-0.010788	107
7341.880473	335.635468	1.226276	-0.010888	109
7343.950365	335.634857	1.223819	-0.011597	111
7346.020610	335.604431	1.221247	-0.011668	113
7348.090920	335.621033	1.221037	-0.012506	115
7350.160890	335.586151	1.220691	-0.012852	117
7352.230812	335.535950	1.218994	-0.013322	119
7354.300511	335.422516	1.217159	-0.013869	121
7356.369555	335.346069	1.215561	-0.014180	123
7358.438441	335.292755	1.213391	-0.014552	125
7360.507191	335.234589	1.211680	-0.014894	127
7362.575791	335.255066	1.208656	-0.015374	129
7364.644823	335.216888	1.208245	-0.015678	131
7366.713518	335.244202	1.206778	-0.015912	133
7368.782483	335.228912	1.205349	-0.016165	135
7370.851691	335.237061	1.203114	-0.016381	137
7372.920987	335.239746	1.201904	-0.016591	139
7374.990568	335.224396	1.199511	-0.016853	141
7377.059996	335.169830	1.199866	-0.017235	143
7379.129883	335.164978	1.196709	-0.017488	145
7381.199901	335.212341	1.195522	-0.017923	147
7383.270001	335.164307	1.193507	-0.018098	149
7385.340253	335.216858	1.191372	-0.018307	151
7387.410220	335.321045	1.188781	-0.018513	153
7389.480822	335.397614	1.186498	-0.018659	155
7391.550978	335.491333	1.183703	-0.019148	157
7393.621021	335.655121	1.182641	-0.019505	159
7395.690742	335.692352	1.181898	-0.020080	161
7397.760251	335.649231	1.182137	-0.020681	163
