crossing time (s)	slope (V/s)	crossing number
7800.167615	-144.413681	6938
7801.225678	-138.200167	6939
7802.250293	-136.400781	6940
7803.302710	-144.835480	6941
7804.329063	-139.443829	6942
7805.365823	-137.832587	6943
7806.395284	-139.858013	6944
7807.420116	-143.841777	6945
7808.467349	-143.781122	6946
7809.508257	-142.786796	6947
7810.551358	-139.777463	6948
7811.568911	-143.733420	6949
7812.601325	-138.740461	6950
7813.633338	-143.099922	6951
7814.662149	-139.462890	6952
7815.727041	-144.339406	6953
7816.738371	-138.473580	6954
7817.786669	-138.524014	6955
7818.816399	-143.020105	6956
7819.861131	-142.636541	6957
7820.889344	-140.671448	6958
7821.921018	-142.396426	6959
7822.948655	-142.991545	6960
7824.002320	-142.852560	6961
7825.029421	-141.281440	6962
7826.060657	-139.819953	6963
7827.097452	-143.401290	6964
7828.151556	-142.331306	6965
7829.170087	-143.406102	6966
7830.202991	-145.266520	6967
7831.237995	-141.965016	6968
7832.276949	-137.916088	6969
7833.297169	-137.622845	6970
7834.337932	-142.643515	6971
7835.348260	-140.507820	6972
7836.409242	-143.146906	6973
7837.442667	-137.094206	6974
7838.485431	-142.865705	6975
7839.516914	-141.836051	6976
7840.548576	-137.155638	6977
7841.564946	-140.039403	6978
7842.632801	-142.299531	6979
7843.661542	-136.830766	6980
7844.687905	-136.814386	6981
7845.745113	-139.219521	6982
7846.775313	-136.637247	6983
7847.787156	-137.618203	6984
7848.834967	-136.693758	6985
7849.856433	-138.672853	6986
7850.910218	-136.292348	6987
7851.922609	-140.677059	6988
7852.990054	-141.676636	6989
7854.006225	-141.381981	6990
7855.038517	-141.620732	6991
7856.075265	-140.939990	6992
7857.103080	-136.312444	6993
7858.160112	-140.871598	6994
7859.196370	-138.580576	6995
7860.218616	-139.323044	6996
7861.259862	-141.819581	6997
7862.299937	-136.419051	6998
7863.335942	-138.253258	6999
7864.355235	-139.756096	7000
7865.390480	-141.079842	7001
7866.414500	-139.871172	7002
7867.438514	-139.563760	7003
7868.485336	-136.061100	7004
7869.531832	-136.065028	7005
7870.575648	-139.789317	7006
7871.608454	-135.463842	7007
7872.642850	-135.663536	7008
7873.675821	-139.062404	7009
7874.714856	-139.238131	7010
7875.750278	-135.846226	7011
7876.757756	-134.813842	7012
7877.813746	-139.428028	7013
7878.817997	-136.523826	7014
7879.877275	-135.263404	7015
7880.909664	-139.742157	7016
7881.941109	-139.588233	7017
7882.977651	-140.126084	7018
7884.022907	-138.487320	7019
7885.048516	-135.158286	7020
7886.097576	-138.437636	7021
7887.129608	-139.348891	7022
7888.175515	-137.860472	7023
7889.189284	-135.976054	7024
7890.235739	-139.268852	7025
7891.251355	-134.435961	7026
7892.307564	-139.275266	7027
7893.325475	-135.702589	7028
7894.390875	-134.555307	7029
7895.406019	-139.075545	7030
7896.453054	-139.070015	7031
7897.469183	-133.693641	7032
7898.447545	-134.783467	7033
7899.524601	-134.769350	7034
7900.600300	-134.403744	7035
7901.606952	-137.701097	7036
7902.662818	-138.442308	7037
7903.671712	-133.325744	7038
7904.718771	-138.250411	7039
7905.741258	-136.348948	7040
7906.785973	-135.562820	7041
7907.839521	-134.271538	7042
7908.883802	-137.998937	7043
7909.901502	-133.309677	7044
7910.953906	-135.778530	7045
7911.959731	-132.689803	7046
7913.010208	-138.071793	7047
7914.045845	-136.877321	7048
7915.066521	-132.596591	7049
7916.111144	-137.825035	7050
7917.161322	-138.206263	7051
7918.181625	-136.886579	7052
7919.221647	-137.927515	7053
7920.256701	-132.632026	7054
7921.285404	-137.230640	7055
7922.318939	-136.652844	7056
7923.359444	-134.580271	7057
7924.391491	-137.194796	7058
7925.438896	-136.541698	7059
7926.457113	-137.724436	7060
7927.506593	-131.971100	7061
7928.515059	-132.321414	7062
7929.553872	-134.694557	7063
7930.582250	-132.494743	7064
7931.629299	-131.571500	7065
7932.664366	-131.869193	7066
7933.719166	-132.181565	7067
7934.740710	-132.238367	7068
7935.783295	-132.282552	7069
7936.804004	-133.444816	7070
7937.834745	-133.317969	7071
7938.875365	-130.529414	7072
7939.911033	-131.616178	7073
7940.947216	-131.130112	7074
7941.991059	-132.462045	7075
7943.006500	-134.602811	7076
7944.063852	-131.623705	7077
7945.089064	-131.200883	7078
7946.124289	-135.821754	7079
7947.148716	-131.095552	7080
7948.198115	-132.966262	7081
7949.222492	-134.375840	7082
7950.268773	-131.479457	7083
7951.298117	-131.034527	7084
7952.352101	-135.270522	7085
7953.349640	-133.461201	7086
7954.412307	-131.818873	7087
7955.429048	-130.909849	7088
7956.481070	-134.823926	7089
7957.515080	-131.193749	7090
7958.551644	-134.174793	7091
7959.573262	-134.761516	7092
7960.629949	-134.417520	7093
7961.651832	-135.422645	7094
7962.688662	-130.194868	7095
7963.734015	-134.465858	7096
7964.753013	-133.425329	7097
7965.783511	-134.594470	7098
7966.813643	-129.596256	7099
7967.843594	-133.105411	7100
7968.894698	-130.055050	7101
7969.920460	-132.314318	7102
7970.968928	-132.002300	7103
7972.023984	-133.709322	7104
7973.041585	-129.990931	7105
7974.067524	-133.035761	7106
7975.172686	-130.128806	7107
7976.112985	-131.176106	7108
7977.196568	-129.665229	7109
7978.195161	-132.344032	7110
7979.262002	-133.865878	7111
7980.270912	-131.070880	7112
7981.303893	-129.857829	7113
7982.348658	-133.233416	7114
7983.389259	-129.572368	7115
7984.406279	-132.747861	7116
7985.468227	-132.889981	7117
7986.488536	-131.586257	7118
7987.531678	-132.155798	7119
7988.559136	-128.363189	7120
7989.595316	-129.526667	7121
7990.622423	-130.280528	7122
7991.646349	-130.042948	7123
7992.685560	-132.069598	7124
7993.735437	-131.147319	7125
7994.768959	-131.675186	7126
7995.813802	-130.630246	7127
7996.837227	-129.491683	7128
7997.872270	-128.202978	7129
7998.906549	-131.169091	7130
7999.950030	-130.778578	7131
8000.971143	-132.386097	7132
8002.003723	-129.830735	7133
8003.045225	-129.526317	7134
8004.095584	-127.666127	7135
8005.110842	-128.151225	7136
8006.151876	-129.862134	7137
8007.192200	-131.226157	7138
8008.233863	-129.904282	7139
8009.260960	-127.386297	7140
8010.309589	-128.767863	7141
8011.322772	-127.642834	7142
8012.371706	-127.957417	7143
8013.385116	-129.403894	7144
8014.449917	-126.946244	7145
8015.465852	-128.789263	7146
8016.507326	-127.138495	7147
8017.537202	-129.104893	7148
8018.590783	-129.320325	7149
8019.606525	-128.180881	7150
8020.645286	-130.832217	7151
8021.665199	-129.465519	7152
8022.710326	-127.080651	7153
8023.741421	-124.727913	7154
8024.785007	-127.327220	7155
8025.814522	-128.153761	7156
8026.858472	-128.728352	7157
8027.888175	-128.266012	7158
8028.932486	-128.794236	7159
8029.954340	-126.329671	7160
8030.988129	-128.424676	7161
8032.030984	-126.872476	7162
8033.071701	-126.039650	7163
8034.092725	-125.299472	7164
8035.134210	-128.501927	7165
8036.171628	-129.297139	7166
8037.211886	-125.556683	7167
8038.225626	-128.292018	7168
8039.286059	-124.935287	7169
8040.306070	-124.351282	7170
8041.346960	-127.206705	7171
8042.384390	-124.861956	7172
8043.410977	-124.831256	7173
8044.449345	-128.336400	7174
8045.481983	-127.790584	7175
8046.517875	-125.706489	7176
8047.553357	-126.349093	7177
8048.595643	-126.311865	7178
8049.623830	-128.470927	7179
8050.673708	-127.415427	7180
8051.693281	-127.610963	7181
8052.734694	-124.807780	7182
8053.763889	-124.037141	7183
8054.797489	-123.398244	7184
8055.826699	-125.669245	7185
8056.862146	-123.628371	7186
8057.903636	-124.304080	7187
8058.947105	-123.710732	7188
8059.980091	-126.489667	7189
8061.007004	-124.729285	7190
8062.035527	-125.576954	7191
8063.062765	-125.763029	7192
8064.102900	-123.291499	7193
8065.143009	-125.463474	7194
8066.185699	-123.461516	7195
8067.203947	-123.042302	7196
8068.254286	-124.986929	7197
8069.286757	-126.056577	7198
8070.325247	-124.750562	7199
8071.359804	-123.302056	7200
8072.389034	-122.540989	7201
8073.427743	-125.395728	7202
8074.451325	-124.806988	7203
8075.494434	-124.768364	7204
8076.538253	-124.093719	7205
8077.568526	-122.348513	7206
8078.608258	-124.109308	7207
8079.634314	-124.837923	7208
8080.672506	-122.256738	7209
8081.686726	-122.525177	7210
8082.743339	-121.185965	7211
8083.771634	-123.590731	7212
8084.819945	-124.874094	7213
8085.837734	-121.847103	7214
8086.887482	-122.070401	7215
8087.910022	-123.595161	7216
8088.953719	-121.641518	7217
8089.975500	-122.913434	7218
8091.017612	-124.051675	7219
8092.033172	-121.572034	7220
8093.098115	-122.858077	7221
8094.105147	-121.192821	7222
8095.160972	-122.791562	7223
8096.199065	-120.597514	7224
8097.243480	-123.475459	7225
8098.253511	-123.612930	7226
8099.297163	-121.866920	7227
8100.336380	-123.201557	7228
8101.371749	-122.663623	7229
8102.409314	-119.613432	7230
8103.438854	-121.764188	7231
8104.469101	-121.833399	7232
8105.505941	-123.869187	7233
8106.542752	-121.681143	7234
8107.585189	-120.119493	7235
8108.619078	-122.600143	7236
8109.665592	-119.491201	7237
8110.663189	-119.493400	7238
8111.727441	-119.418715	7239
8112.745700	-119.652185	7240
8113.797646	-119.195640	7241
8114.819364	-121.456591	7242
8115.859144	-119.161183	7243
8116.903318	-120.865975	7244
8117.931286	-119.075066	7245
8118.963273	-121.716320	7246
8119.993149	-118.378065	7247
8121.034624	-120.857293	7248
8122.064959	-120.069417	7249
8123.094172	-119.169595	7250
8124.134441	-118.985779	7251
8125.183080	-120.536381	7252
8126.219084	-119.409231	7253
8127.236363	-119.628033	7254
8128.288578	-117.111601	7255
8129.318926	-120.027925	7256
8130.344735	-118.008723	7257
8131.377359	-117.946187	7258
8132.422499	-118.786124	7259
8133.459249	-119.685063	7260
8134.477104	-117.542758	7261
8135.506151	-120.744101	7262
8136.556613	-120.115101	7263
8137.604401	-119.574126	7264
8138.624562	-116.063192	7265
8139.656209	-117.688891	7266
8140.705989	-117.689980	7267
8141.735572	-117.044049	7268
8142.767581	-119.289493	7269
8143.793386	-117.499054	7270
8144.827310	-116.728012	7271
8145.858175	-118.295787	7272
8146.905851	-117.746555	7273
8147.954635	-117.977370	7274
8148.957667	-116.268788	7275
8150.003571	-116.265549	7276
8151.050968	-115.491949	7277
8152.068092	-117.446675	7278
8153.142742	-116.219015	7279
8154.131508	-115.438885	7280
8155.196074	-117.902419	7281
8156.216249	-117.616215	7282
8157.264166	-116.467211	7283
8158.283357	-115.102828	7284
8159.326236	-115.929196	7285
8160.354683	-116.718694	7286
8161.406425	-118.454848	7287
8162.422646	-115.748958	7288
8163.469734	-114.780423	7289
8164.490232	-116.009018	7290
8165.545419	-115.621963	7291
8166.565449	-115.579881	7292
8167.604562	-115.559918	7293
8168.630380	-115.650398	7294
8169.684752	-113.855109	7295
